num bytes in original cloud data = 307200
num bytes in filtered cloud data = 7876
[ INFO] [1460498599.998518224]: Initializing Subscribers
[ INFO] [1460498600.006998885]: Initializing Publishers
 select a patch of points to find corresponding plane...
[ INFO] [1460498737.717923645]: RECEIVED NEW PATCH w/  236 * 1 points
frame_id =camera_depth_optical_frame
centroid: 0.253914 0.138453 0.622572
[ INFO] [1460498737.721328314]: plane dist = -0.461256
[ INFO] [1460498737.721377010]: plane normal = (-0.097379, -0.853880, -0.511279)
[ INFO] [1460498737.721394621]: done w/ selected-points callback
copying cloud w/ npts =236
got new patch with number of selected pts = 236
PCL: plane params of patch: -0.0972678 -0.853306 -0.512258  0.461758
A_plane_wrt_camera rotation:
  0.995258          0 -0.0972678
-0.0833946  -0.514698  -0.853306
-0.0500636   0.857371  -0.512258
origin: 0.0449141  0.39402 0.236539
transforming all points to plane coordinates...
number of points passing the filter = 622
[ INFO] [1460498753.462765381]: RECEIVED NEW PATCH w/  169 * 1 points
frame_id =camera_depth_optical_frame
centroid: 0.221222 0.107985 0.679722
[ INFO] [1460498753.463641942]: plane dist = -0.470162
[ INFO] [1460498753.463690274]: plane normal = (-0.081303, -0.843295, -0.531265)
[ INFO] [1460498753.463702201]: done w/ selected-points callback
copying cloud w/ npts =169
got new patch with number of selected pts = 169
PCL: plane params of patch: -0.0811757 -0.843064 -0.531653  0.470372
A_plane_wrt_camera rotation:
    0.9967          0 -0.0811757
-0.0686629  -0.533413  -0.843064
-0.0433002   0.845855  -0.531653
origin: 0.0381827 0.396553 0.250074
transforming all points to plane coordinates...
number of points passing the filter = 626
[ INFO] [1460498755.802056018]: RECEIVED NEW PATCH w/  96 * 1 points
frame_id =camera_depth_optical_frame
centroid:  0.093599 0.0334981  0.583896
[ INFO] [1460498755.802871708]: plane dist = -0.327496
[ INFO] [1460498755.802925515]: plane normal = (-0.038844, -0.862132, -0.505193)
[ INFO] [1460498755.802939653]: done w/ selected-points callback
copying cloud w/ npts =96
got new patch with number of selected pts = 96
PCL: plane params of patch: -0.0388134 -0.862126 -0.505205    0.3275
A_plane_wrt_camera rotation:
  0.999246          0 -0.0388134
-0.0334873  -0.505586  -0.862126
-0.0196235   0.862776  -0.505205
origin: 0.0127114 0.282346 0.165455
transforming all points to plane coordinates...
number of points passing the filter = 331
[ INFO] [1460499889.817745281]: RECEIVED NEW PATCH w/  811 * 1 points
frame_id =camera_depth_optical_frame
centroid: 0.220087 0.145027 0.618284
[ INFO] [1460499889.819584391]: plane dist = -0.459028
[ INFO] [1460499889.819646431]: plane normal = (-0.090791, -0.855740, -0.509378)
[ INFO] [1460499889.819682661]: done w/ selected-points callback
copying cloud w/ npts =811
got new patch with number of selected pts = 811
PCL: plane params of patch: -0.0904867 -0.856423 -0.508284  0.458383
A_plane_wrt_camera rotation:
  0.995898          0 -0.0904867
-0.0778141  -0.510377  -0.856423
-0.0461824   0.859951  -0.508284
origin: 0.0414776  0.39257 0.232989
transforming all points to plane coordinates...
number of points passing the filter = 616
[ INFO] [1460499917.865205113]: RECEIVED NEW PATCH w/  624 * 1 points
frame_id =camera_depth_optical_frame
centroid: 0.208101 0.099291 0.696276
[ INFO] [1460499917.866807205]: plane dist = -0.467776
[ INFO] [1460499917.866856527]: plane normal = (-0.085556, -0.846451, -0.525548)
[ INFO] [1460499917.866874416]: done w/ selected-points callback
copying cloud w/ npts =624
got new patch with number of selected pts = 624
PCL: plane params of patch: -0.0858102 -0.846303 -0.525745  0.467951
A_plane_wrt_camera rotation:
  0.996312          0 -0.0858102
-0.0728903  -0.527691  -0.846303
-0.0452813   0.849436  -0.525745
origin: 0.040155 0.396028 0.246023
transforming all points to plane coordinates...
number of points passing the filter = 627
[ INFO] [1460499925.692259581]: RECEIVED NEW PATCH w/  24 * 1 points
frame_id =camera_depth_optical_frame
centroid: 0.0749615 0.0349398  0.584917
[ INFO] [1460499925.692779619]: plane dist = -0.309027
[ INFO] [1460499925.692801952]: plane normal = (-0.146119, -0.877280, -0.457196)
[ INFO] [1460499925.692810632]: done w/ selected-points callback
copying cloud w/ npts =24
got new patch with number of selected pts = 24
PCL: plane params of patch: -0.146088 -0.877232 -0.457299  0.309083
A_plane_wrt_camera rotation:
    0.989272 -3.72529e-09    -0.146088
   -0.129543    -0.462259    -0.877232
  -0.0675303     0.886745    -0.457299
origin: 0.0451533 0.271138 0.141344
transforming all points to plane coordinates...
number of points passing the filter = 387
[ INFO] [1460499960.726207086]: RECEIVED NEW PATCH w/  899 * 1 points
frame_id =camera_depth_optical_frame
centroid: 0.228318 0.111403  0.67342
[ INFO] [1460499960.728154881]: plane dist = -0.463427
[ INFO] [1460499960.728193302]: plane normal = (-0.084890, -0.850763, -0.518648)
[ INFO] [1460499960.728202251]: done w/ selected-points callback
copying cloud w/ npts =899
got new patch with number of selected pts = 899
PCL: plane params of patch: -0.0850702 -0.850581 -0.518916  0.463629
A_plane_wrt_camera rotation:
  0.996375          0 -0.0850702
-0.0726224  -0.520804  -0.850581
-0.0443049   0.853676  -0.518916
origin: 0.039441 0.394354 0.240585
transforming all points to plane coordinates...
number of points passing the filter = 615
[ INFO] [1460499995.260844492]: RECEIVED NEW PATCH w/  238 * 1 points
frame_id =camera_depth_optical_frame
centroid: 0.0123123 0.138498 0.651664
[ INFO] [1460499995.261731631]: plane dist = -0.461911
[ INFO] [1460499995.261763754]: plane normal = (-0.048826, -0.848053, -0.527657)
[ INFO] [1460499995.261771522]: done w/ selected-points callback
copying cloud w/ npts =238
got new patch with number of selected pts = 238
PCL: plane params of patch: -0.0514439 -0.846294 -0.530226  0.463373
A_plane_wrt_camera rotation:
  0.998676          0 -0.0514439
-0.0435943  -0.530929  -0.846294
-0.0273131   0.847416  -0.530226
origin: 0.0238377  0.39215 0.245693
transforming all points to plane coordinates...
number of points passing the filter = 629
/***********************************************************************************
^C[ INFO] [1460508590.728005345]: NO points selescted
frame_id =camera_depth_optical_frame
centroid: 0.046441 0.401354 0.230585
PCL: plane params of patch: nan nan nan nan
A_plane_wrt_camera rotation:
nan nan nan
nan nan nan
nan nan nan
origin: nan nan nan
transforming all points to plane coordinates...
number of points passing the filter = 0
frame_id =camera_depth_optical_frame
centroid: 0.046441 0.401354 0.230585
PCL: plane params of patch: nan nan nan nan
A_plane_wrt_camera rotation:
nan nan nan
nan nan nan
nan nan nan
origin: nan nan nan
transforming all points to plane coordinates...
number of points passing the filter = 0

